1 46 0 123 70
2 4 17 84 83
3 14 13 105 99
4 26 4 94 115
5 19 9 57 101
6 47 52 108 101
7 48 11 85 46
8 58 6 115 94
9 31 0 128 113
10 48 20 102 107
11 4 2 83 123
12 1 25 81 109
13 8 7 87 105
14 25 11 80 128
15 0 8 90 119
16 4 2 94 80
17 0 21 71 101
18 0 2 114 83
19 28 7 61 128
20 15 2 104 116
21 30 14 110 107
22 24 4 117 66
23 63 7 107 64
24 22 0 112 122
25 8 28 65 59
26 1 1 120 104
27 39 4 99 93
28 56 8 109 122
29 48 3 124 67
30 0 15 64 91
31 60 25 118 115
32 5 5 117 61
33 36 21 71 101
34 10 0 68 128
35 39 15 84 49
36 0 23 97 102
37 9 5 94 67
38 0 5 99 61
39 30 1 111 78
40 6 3 110 107
41 8 1 95 90
42 9 15 72 127
43 42 11 118 57
44 2 16 60 105
45 10 0 83 127
46 18 38 92 101
47 8 2 128 91
48 21 8 106 112
49 12 21 117 91
50 9 24 128 99
51 50 4 126 50
52 61 6 111 46
53 93 5 124 40
54 71 4 103 54
55 25 16 94 79
56 40 8 109 98
57 78 31 125 61
58 30 17 78 78
59 11 0 48 128
60 35 6 123 102
61 28 12 73 44
62 35 3 109 96
63 71 11 123 58
64 26 10 75 120
65 25 4 119 60
66 27 0 91 97
67 11 8 72 127
68 3 8 110 122
69 0 19 70 118
70 31 22 81 127
71 5 14 84 71
72 35 7 83 44
73 9 0 112 99
74 54 8 96 63
75 3 2 60 101
76 14 15 81 123
77 1 7 44 121
78 5 0 128 46
79 54 35 124 65
80 12 8 55 126
81 29 32 100 76
82 43 14 107 103
83 4 1 119 107
84 10 30 93 83
85 45 5 85 128
86 15 26 90 119
87 6 8 80 109
88 10 10 54 127
89 5 2 123 68
90 23 6 76 53
91 4 2 73 69
92 28 19 85 55
93 10 6 109 107
94 12 4 83 126
95 3 0 105 54
96 35 13 126 79
97 11 2 60 37
98 27 5 109 82
99 13 24 124 77
100 14 16 118 85
101 13 2 92 128
102 17 14 118 102
103 41 3 97 127
104 34 1 68 95
105 24 1 111 128
106 41 10 124 64
107 18 7 113 128
108 10 14 105 127
109 3 7 80 90
110 29 15 80 94
111 46 7 92 52
112 0 3 64 69
113 25 20 105 111
114 20 48 52 84
115 18 1 91 90
116 2 21 54 124
117 5 4 114 57
118 9 15 107 114
119 20 1 87 128
120 22 26 98 111
121 33 14 99 48
122 35 19 113 71
123 10 7 104 78
124 15 1 84 99
125 68 0 108 126
126 34 13 110 70
127 21 14 108 119
128 4 5 103 72
129 53 22 99 58
130 10 57 64 95
131 18 1 127 98
132 79 7 119 107
133 17 49 54 87
134 15 3 106 126
135 0 1 123 81
136 9 20 90 56
137 15 20 69 126
138 22 6 69 114
139 36 4 125 73
140 13 16 111 83
141 33 0 125 90
142 21 0 93 46
143 39 61 107 96
144 0 0 121 122
145 30 6 96 88
146 0 64 65 111
147 3 4 49 128
148 12 25 76 79
149 26 14 93 81
150 38 6 76 52
151 14 17 73 107
152 5 2 94 90
153 22 6 128 61
154 2 0 126 110
155 29 29 110 79
156 62 14 126 94
157 19 10 123 81
158 16 5 126 78
159 4 58 53 123
160 22 19 75 127
161 17 25 75 100
162 16 59 49 90
163 23 14 115 127
164 13 0 127 115
165 30 3 124 109
166 1 0 69 128
167 23 34 63 66
168 15 4 104 126
169 7 13 113 86
170 51 0 112 48
171 16 0 93 122
172 6 2 118 109
173 6 1 85 125
174 0 1 97 122
175 7 31 42 96
176 9 33 83 110
177 1 9 51 128
178 36 0 97 127
179 19 23 67 71
180 29 2 72 128