1 10 12 104 65
2 0 7 109 108
3 0 7 111 100
4 73 40 105 102
5 11 0 119 128
6 5 0 97 100
7 3 0 113 101
8 24 3 94 95
9 19 0 82 123
10 65 37 124 125
11 7 23 50 78
12 32 11 127 88
13 45 40 110 101
14 6 0 128 85
15 2 13 101 118
16 63 40 122 118
17 35 5 98 39
18 7 20 66 124
19 11 2 119 80
20 14 8 81 128
21 27 18 79 82
22 3 9 120 128
23 11 7 109 118
24 33 3 122 98
25 11 16 127 122
26 9 8 128 99
27 0 5 118 110
28 6 12 118 109
29 23 17 106 127
30 3 12 74 79
31 19 2 74 58
32 7 4 119 61
33 57 3 116 67
34 22 2 81 95
35 15 1 126 121
36 15 3 103 81
37 0 5 127 118
38 0 1 44 94
39 58 0 113 122
40 53 39 83 77
41 35 19 124 98
42 52 17 89 67
43 7 8 105 102
44 31 31 88 71
45 30 14 85 114
46 29 3 95 127
47 51 12 92 83
48 5 24 91 112
49 9 0 124 93
50 11 0 124 117
51 44 3 101 106
52 19 16 82 105
53 6 2 126 96
54 10 5 77 89
55 20 9 83 126
56 4 23 113 90
57 0 10 57 74
58 23 11 105 102
59 0 0 52 53
60 24 12 55 86
61 23 45 97 121
62 26 23 100 96
63 3 0 90 60
64 5 1 106 90
65 32 8 86 42
66 1 20 54 121
67 0 13 51 124
68 41 23 100 82
69 51 36 103 73
70 50 30 81 78
71 0 0 95 70
72 2 5 87 123
73 83 2 119 39
74 12 0 82 98
75 4 41 37 126
76 45 21 122 66
77 32 23 101 68
78 23 7 115 104
79 22 4 118 110
80 14 21 83 97
81 4 0 113 108
82 55 7 99 94
83 10 32 113 99
84 9 0 90 128
85 5 1 87 126
86 32 18 69 61
87 31 1 126 103
88 0 0 82 127
89 34 50 70 127
90 3 5 67 45
91 49 1 110 96
92 0 8 114 128
93 38 17 112 95
94 13 17 99 127
95 11 0 92 128
96 13 8 119 122
97 23 6 110 104
98 42 10 83 75
99 2 1 90 125
100 24 4 113 78
101 18 6 72 128
102 12 12 118 113
103 47 27 96 77
104 3 0 74 87
105 3 2 87 47
106 54 10 110 125
107 24 9 99 102
108 21 1 116 128
109 20 4 120 98
110 10 16 99 110
111 14 0 100 54
112 0 1 99 112
113 14 4 102 114
114 11 4 128 55
115 5 1 83 68
116 37 10 121 70
117 21 3 82 50
118 40 4 102 107
119 0 8 122 105
120 32 3 126 123
121 62 0 128 70
122 0 26 75 84
123 2 2 126 53
124 3 0 109 101
125 31 4 121 83
126 1 0 34 37
127 62 46 100 104
128 31 0 127 101
129 0 0 107 99
130 21 1 99 84
131 0 3 107 88
132 1 1 120 106
133 4 37 70 126
134 0 9 83 128
135 1 4 117 100
136 0 0 93 101
137 5 0 122 88
138 40 11 122 59
139 42 0 115 112
140 26 28 99 109
141 30 0 111 49
142 3 6 72 84
143 16 1 66 120
144 65 52 98 87
145 0 10 114 128
146 31 2 72 87
147 8 1 123 86
148 31 15 62 65
149 33 5 116 109
150 23 12 108 114
151 8 2 128 86
152 45 12 123 91
153 8 1 122 123
154 8 0 128 81
155 13 12 64 67
156 26 32 95 127
157 8 3 110 112
158 0 0 122 110
159 15 7 118 103
160 84 24 126 78
161 1 6 48 73
162 69 9 118 68
163 25 9 85 110
164 60 41 123 98
165 2 27 88 86
166 67 21 122 91
167 1 13 79 87
168 22 0 127 111
169 55 66 88 107
170 0 5 128 103
171 5 0 85 127
172 11 37 90 105
173 28 5 82 127
174 35 1 119 55
175 39 12 95 112
176 0 0 85 128
177 48 5 102 80
178 2 0 126 107
179 63 38 116 95
180 0 30 56 124