1 0 22 75 87
2 18 15 97 128
3 1 10 93 105
4 13 2 118 51
5 1 10 42 108
6 61 24 118 96
7 6 0 112 99
8 19 0 99 53
9 8 2 128 86
10 0 0 111 57
11 26 0 81 103
12 22 23 102 88
13 10 7 90 122
14 9 17 110 113
15 60 15 115 96
16 23 12 80 91
17 1 2 114 65
18 0 0 115 126
19 10 31 93 128
20 34 5 110 82
21 9 2 128 91
22 7 28 82 111
23 55 0 117 79
24 41 35 117 95
25 10 18 105 104
26 26 5 119 88
27 7 4 125 81
28 4 0 124 49
29 30 8 124 104
30 3 1 99 102
31 0 0 126 70
32 28 1 103 84
33 7 3 125 97
34 7 35 117 99
35 0 3 117 79
36 0 20 110 81
37 0 0 87 44
38 73 0 128 58
39 41 32 77 103
40 4 42 104 73
41 24 15 120 107
42 22 8 107 128
43 11 11 84 94
44 29 12 122 115
45 52 1 128 71
46 7 30 101 122
47 60 42 111 109
48 20 24 69 100
49 45 26 121 75
50 22 1 98 90
51 9 4 104 95
52 36 17 114 119
53 17 2 124 100
54 0 9 125 107
55 34 4 121 99
56 42 12 123 101
57 5 4 108 98
58 1 2 113 105
59 41 13 126 45
60 81 45 128 90
61 8 24 67 118
62 43 1 128 107
63 38 34 73 113
64 7 20 74 124
65 46 26 117 128
66 10 7 126 96
67 11 30 102 86
68 65 34 124 106
69 9 3 128 67
70 10 2 121 112
71 32 3 112 39
72 9 16 100 101
73 29 12 112 97
74 8 25 72 125
75 33 17 117 91
76 2 6 124 95
77 8 48 60 100
78 1 5 127 77
79 19 28 89 109
80 8 3 102 127
81 23 19 88 122
82 7 4 128 93
83 5 0 128 76
84 13 24 93 83
85 10 11 116 112
86 3 8 99 101
87 14 2 110 109
88 6 6 69 123
89 10 15 100 101
90 3 26 80 102
91 14 12 115 95
92 7 47 123 85
93 0 2 93 110
94 29 11 119 106
95 4 3 128 105
96 1 1 121 109
97 3 2 111 98
98 51 32 127 103
99 41 5 122 83
100 27 41 127 78
101 13 1 90 128
102 42 5 118 103
103 20 11 118 112
104 29 24 71 95
105 47 38 99 117
106 16 2 124 102
107 6 5 118 111
108 21 1 127 111
109 17 12 117 82
110 60 19 119 87
111 16 7 66 120
112 47 13 110 68
113 17 9 99 98
114 3 10 74 107
115 0 5 122 92
116 16 16 127 49
117 9 34 114 111
118 26 0 76 86
119 4 0 114 101
120 27 26 85 113
121 69 1 112 83
122 43 0 83 117
123 8 20 97 69
124 0 20 128 51
125 4 23 99 99
126 49 8 107 104
127 3 6 122 91
128 6 2 127 98
129 2 42 93 108
130 31 25 97 72
131 6 21 126 55
132 18 24 78 73
133 31 10 120 95
134 0 5 125 113
135 21 5 102 87
136 16 7 97 128
137 20 11 119 127
138 1 2 106 99
139 8 11 113 80
140 4 7 127 79
141 0 0 116 78
142 11 2 121 99
143 35 3 101 123
144 9 12 107 128
145 1 31 91 126
146 3 31 50 61
147 14 7 121 98
148 22 20 68 88
149 58 18 111 99
150 7 12 121 88
151 45 19 95 63
152 5 2 109 85
153 20 64 97 127
154 38 16 105 61
155 0 2 122 115
156 41 20 123 126
157 10 8 126 77
158 18 6 111 82
159 46 30 102 73
160 6 4 56 72
161 74 26 127 91
162 19 0 91 49
163 0 35 113 127
164 15 2 118 53
165 16 30 104 127
166 14 2 90 91
167 2 11 103 108
168 45 48 120 110
169 32 29 106 128
170 55 29 126 126
171 8 0 93 87
172 4 4 114 106
173 2 19 127 56
174 5 30 75 125
175 11 12 58 99
176 6 1 72 96
177 43 4 121 77
178 13 3 61 120
179 0 16 113 108
180 13 6 126 115