3.376070646997462177e-01 4.219339009149083441e-01
1.828178352410114726e-02 3.764802618561458036e-01
-1.142025264630426307e-01 -2.937309292168222008e-02
3.649491265677802243e-01 -1.268953466941646901e-01
1.408340280058584248e-01 -2.747140514212895734e-01
6.929616737047357145e-01 5.469881248098225068e-01
5.490570929173084203e-01 2.123971504710189251e-01
4.695146505766858436e-01 -7.732670396163594528e-01
1.293488165264911061e-01 -1.275156327847790649e-01
-4.000872115983487021e-01 8.628210173437269592e-01
-2.029041051822675001e+01 -1.198020834689907943e-01
6.741989372307750639e-01 8.404967565513308259e-01
-7.010972275634603790e-01 7.098800777362506143e-01
-8.147545161940030756e-01 -2.422564546660743723e-01
-4.007287027339965846e+01 -5.946646367283028667e+01
-3.253055286629074061e-01 3.156411031274362067e-01
-9.306126007708437342e-02 -4.830239554918902556e-02
3.382102551613701547e-01 8.798904820021997697e-01
7.730937425128441287e-01 4.072236083979909882e-01
-8.410877513196324262e-01 -3.908923333773772768e-01
-2.113747534410493856e+01 -5.581268907930287781e+01
2.892357969267528262e+01 -1.685219569768832670e+01
-2.616423097069217008e+01 -2.001284216565285590e+01
5.567321185623885782e-01 -5.290619951326780424e-01
1.854710864761963052e+01 -2.829032716365634670e+01
3.642161190985339658e+01 -1.379692557796044028e+01
9.999992416867797829e+01 -3.896840280444024529e+01
9.998650945050570726e+01 -5.126398620115669758e+01
-2.981947199060093201e-01 6.383770065487681666e-01
-2.217831317294832871e+01 -1.727812147479045990e+01
7.663200772786103698e+01 -7.004745591309500696e+01
5.695428557056447261e+01 -5.636216888902490041e+01
-1.416230189252620786e-01 7.187766998470779267e-01
1.916740356779467191e-02 2.378920235486217116e-01
-8.972945086280514904e-01 -9.220433878641585146e-01
9.081701826540360400e-01 5.265553389218624591e-01
-4.049176883064314225e+00 -3.224451389253343336e+01
4.229566793518206680e+01 -8.489587826249231917e-01
8.007628047091719381e-02 -5.927086047113290235e-01
6.472797281673576819e-01 -5.388945909033460158e-01
7.860670288542366713e+00 -3.357692659854958350e-01
7.139140802157666599e+01 5.840462775429867293e+01
9.999992726540050114e+01 2.981232830699469005e+01
4.789353470625799503e+01 -3.719235236343318540e+00
2.298551121265610675e-01 -3.484063219839084180e-01
-9.014816607476197063e-01 6.178155408373067203e-01
8.053326955633475848e+01 -1.129112961734818832e+01
-2.305293408937408728e+01 3.254709571696565718e+01
3.873040655625128448e-01 5.946397009036521464e-01
-3.971512504623289086e-01 -6.758338789931508384e-01
3.085576543457353438e-01 2.525616785328697045e-01
-5.359336397266440954e-01 -7.419006809312278516e-01
9.035586168198705970e-01 3.907919373849801925e-01
-9.775033529023597900e-01 -1.040822332905255720e-03
-5.017398216868269589e-01 1.184648085139012874e-01
-1.027219281389868399e-01 -6.949966771571123303e-01
5.640353553556596289e-01 8.779509959953306630e-01
-4.748615254652408524e-01 -5.783712400026155276e-01
5.642183754186931299e-01 -5.506957251061370684e-01
4.767649935137399098e-01 -5.917111464211530780e-01
-5.577792100042560097e-01 -4.943606126386084210e-01
6.151934584761040714e-01 -2.695241540360537869e-01
-1.126285387926067028e-01 9.395512429318333414e-01
-4.299387099597429263e-01 -8.084610657910684672e-02
-7.838194384151497829e-01 -3.191123589064344124e-01
8.071371137525535921e-01 1.719297797285426199e-01
-3.638444920771819469e-01 -9.465787469372479723e-01
6.754570846479817092e-01 -9.394591108684435810e-02
8.429943723708084313e-01 -1.925187849233789272e-02
-9.306514136109587110e-01 -8.389304058523807672e-01
-7.999658795467263772e-01 -7.313044220595932288e-02
-1.809742848280821992e-01 -1.722114803754997148e-01
8.407587577347519492e-01 -9.042205907565137313e-01
8.552674212358304384e-01 -8.084795497989549773e-01
-8.930413253591438227e-01 -2.620530584758671289e-01
8.401957154546033646e-01 -1.990679642190358312e-01
2.355633843275644068e-01 -9.632572299099262381e-02
6.429450284834348217e-01 -2.160409834777352600e-01
-4.800430327640021755e-01 3.354491475385621424e-01
8.562447183109700433e-01 -1.556477158621907275e-01
-5.569619844870122449e+01 -1.555383334151210839e+01
-9.203904878121951239e-01 3.028197715821445257e+01
-7.523765026741098261e-01 3.244163206007772260e+01
6.966808767051612961e+01 -7.264729002312249051e-01
-5.142773237272483300e+01 -4.437763479667026445e+01
9.997599476357400761e+01 1.995426080487447251e+01
9.999988055337938420e+01 3.492348867814055069e+01
9.999978068733443592e+01 6.297197651785064920e+01
1.182107650986315051e+01 2.723260909314449663e+01
9.998200853323670856e+01 3.395998363680770638e+01
9.999992717875333881e+01 8.580800155608139335e+01
9.999976885632314350e+01 1.549449055127452013e+01
-6.247778042844398527e-01 -5.019377797873452174e-01
-4.608244628714985858e-02 4.663918774320658933e-01
7.530671130719667872e+01 -1.009717234483854753e+01
7.802511219226745709e+01 -3.333230740894344990e+01
-2.136652893286475319e+01 -2.048479399360198183e+00
8.115520252370498611e+01 -4.612086991870036901e-01
7.858931687770480323e+01 -7.349870624889209836e-01
3.036466889519577883e-01 7.448017720630055738e-01
-3.090315728452442912e+01 1.592724463451486727e+01
9.999931108353111142e+01 5.358258683291224855e+01
9.999990567942738551e+01 2.295927500662940446e+01
4.965689198039680008e-01 -6.474883218131934903e-01
2.067891596185745584e+01 2.868222231151772306e+01
9.999984245360664659e+01 6.996200451450630453e+01
6.946357845695303013e+01 9.999992811906913914e+01
-3.024697977168394658e+01 4.871840525423307611e+01
-6.971182565399545172e-01 -5.086358463221873905e-02
7.829730093594596951e+01 1.025190307575606496e+01
3.374222723592740891e+01 8.105371171725442991e+01
-3.252158539223729861e+01 3.386249339925282698e+01
4.099059404547800156e-02 -5.468492991366180611e-01
-1.686144884585951687e-01 -6.212887632501593593e-01
3.897251173340294805e-01 -5.602702581003264903e-01
-7.390763798523058981e-02 -9.968119489455562476e-01
4.180476905004533172e-01 4.591020777587409007e-01
-3.777506851310477032e-01 -7.390949093922773994e-01
6.603370834376629528e-01 3.293634098364213170e-01
2.289366070753124927e-01 2.961397700381864784e-01
-2.506105749185751908e-01 -3.184563368217518953e-01
9.938666142262435610e-01 6.723093448730395050e-01
-3.935167999011188744e-01 -4.170376803710327263e-01
9.167871103894547069e-01 8.156114651842105712e-01
-8.488055258492221977e-01 4.674973555681982695e-02
-8.105388928774914792e-01 2.578248861377576695e-01
3.103392054297378078e-01 -7.774332018117375842e-01
3.419763184294100089e-01 4.051173714915363711e-01
-7.570396487604562630e-01 -7.222177795687880764e-01
1.020509881330782243e-01 -5.300137431185691916e-02
6.872701698470324860e-01 -3.880478228410446651e-01
6.998261346090768331e-01 -5.202925872990538103e-01
8.253943834329870999e-01 7.563701787830230394e-01
9.131675456608006058e-01 3.372878268104770871e-01
9.729960098490026965e-01 7.873271478286647529e-02
4.173406718239907054e-01 -8.177190057011194391e-01
3.112611365950888054e-01 9.718919468257467553e-01
-8.145802937973090074e-02 4.831084288447990982e-01
7.328785037418441561e-01 -3.554382906617326032e-01
4.484479680209954022e-01 -2.008526958570593379e-01
8.178756610136854732e-01 -1.904952748429853404e-01
-9.478351272475931122e-01 3.374092485749058401e-01
7.230401042818204171e-01 -2.471702854916180137e-01
-7.941586107079396939e-01 -5.899076414066461993e-02
-3.068196529921535642e+01 -1.088313437530742611e+01
9.782680296595298586e+00 6.729637242014378273e+01
7.800090034837731423e+01 1.062915950587353464e+01
1.339231529254797692e+01 6.823647756075679638e+01
-2.355363501620383104e+01 1.781583328635894192e+00
9.999560211803552079e+01 4.532629772535899804e+01
9.999991938445764106e+01 9.481829249681229044e+01
4.293063146946828113e+01 9.999979781307669668e+01
1.769141336400998910e-01 4.355201750714975617e+01
9.997815722748701717e+01 4.750520381955331572e+01
7.096642823547590240e+01 9.999992858226234205e+01
1.876869875882412586e+01 9.999838195767462423e+01
-8.844725655926579666e-01 8.140522117142097169e-01
-1.333839150984634792e-01 2.472746471285474090e-01
8.542924467772704133e+01 1.425092512843106896e-01
-1.367840634891647156e+01 3.833398741556661093e+01
-6.405779016620330424e+01 -4.561144772269254588e+01
1.483189126002381819e+01 8.299698141069551127e+01
1.396131274818572976e+01 7.780335609881379355e+01
9.425022317926070592e-01 -2.791135740593175818e-02
-2.436534024527004760e+01 7.067305986135892226e+00
5.270741317163738415e+01 9.999981314224596929e+01
7.543941733116277248e+01 9.999990191198355660e+01
-3.429996943158671741e+01 -2.085101498505416373e+01
4.832688340933355420e-01 -5.357724764624147706e-01
6.636779480354455529e+01 9.999982527486670847e+01
1.411078215088576826e+01 9.999991666218538455e+01
-5.235375119176751468e+01 -8.111514002871823337e+00
-7.519681166829896846e-01 -1.899889136803314393e-01
-5.684539554302410203e-01 5.795479047702732345e+01
-3.918542844048978679e+00 6.494487013918443097e+01
-4.222246932168474842e+01 -7.280210371313587281e+00
4.077949742303221825e-01 -9.830459908586106632e-01
6.187159545021145846e-01 -9.170202411553209920e-01
-4.883899607166839463e-01 9.105105117454699304e-01
6.434872354061531574e-01 -1.558518184872679235e-01
-9.943726049355512409e-01 8.827326596509141865e-01
-2.442860262953674422e-01 9.306715257553828113e-01
-3.801908394952218107e-01 4.850074991792854284e-01
-5.452235953311082017e-01 8.422127829274348443e-01
-1.810014653480607194e-02 8.910335331732266440e-02
3.349060539778501155e-01 -5.300309955107040949e-01
7.222948002471296647e-02 4.551152561063493973e-01
5.839242053311832770e-01 7.556803527816120525e-01
6.520473597430351820e-01 4.033530781475498372e-01
4.648239043118977953e-01 1.208756829221990792e-01
4.111931548691885041e-01 -2.769705202059686844e-01
-9.021284999872061228e-01 -9.017894675816839900e-01
6.164193409465208440e-01 -2.477291449701082282e-01
8.063249751433139156e-01 3.075297832513415042e-01
-1.718539517076769219e-01 3.039654307144101786e-01
-1.648729109586151154e-01 -8.960261325102687469e-01
-2.703296846740579351e-01 -5.840734414550152742e-01
-2.206005107732382786e-01 -2.110909795861384275e-01
-6.273651695710584786e-01 5.876606571539593205e-01
5.501888069041711571e-01 -3.000754609655258420e-01
-3.299806709499357726e-01 1.387781431779047114e-01
-2.790257915492215801e-01 2.002297556915091370e-01
-5.656373746554415050e-01 8.383234441570630580e-03
-2.565340232920598762e-01 2.625986115123271070e-01
9.854322574283767011e-01 6.287424210956604753e-02
3.151417452196134672e-01 4.596981992848065968e-01
-7.546760591486407765e-01 6.046698558682894742e-03
3.558853480711217099e-01 -7.218741384245752624e-01
-3.157008177963265894e+01 -1.653249851544651605e+01
-6.712655758793117933e+00 8.116602208408389174e+01
-1.564893000003499957e+00 7.828668022344932353e+01
-8.081329352584982750e-01 5.930706949171891118e-01
1.472492081913078010e+01 1.357176265494662104e+01
5.811427739141424809e+01 9.999033316382332259e+01
1.583020937603789768e+01 9.999991813282039743e+01
-3.939201141290685548e+00 -1.497554323982535074e+00
5.360316474972124379e-01 -6.486696338955013630e-01
-1.603942740960162538e-01 -3.643249388515148457e-01
-8.881534677985662984e-01 5.528967909005989867e+01
-1.284279054878925663e+01 -1.066236726215206687e+01
-7.564959680521430307e-01 2.594752921500886877e-01
7.779210350413809927e-01 6.249326667476795549e-01
-3.496693449112171503e-01 4.288949101674786046e-01
2.640644834600449631e-01 1.207173335736355657e-01
-7.832047788552078771e+01 -8.565267544811478118e+00
-9.612278762752802663e+01 7.814526989082743569e+01
-3.015010397927648711e+01 7.428164460702082295e+01
2.416713495942746093e-01 -8.170718764172595350e-01
-2.622678990805781751e+01 2.654430778003903058e+01
9.528216088350156099e+00 9.999704579391567449e+01
7.317882195471764106e+00 9.999991281861814230e+01
-7.662345121390102065e+01 -3.466084617094325893e+01
-9.751450201835738518e-01 -8.987126547695400980e-01
-1.888687748867434735e+01 -9.648275520647595638e-01
-3.851701347079077209e+01 2.050758674405493309e+01
-6.140180128734526477e+01 -3.907029919577653487e+01
-4.264337713050529999e-01 -9.414542130225018735e-01
-7.082391439718236370e-01 1.713025481471037725e-01
-7.163644042344246010e-01 6.737715028103052894e-01
6.006666663116850824e-01 -6.320120396440320754e-01
-7.899574333987683872e+01 -5.947929730584053232e+01
-8.597663719126347193e-01 -2.093697124037634794e+01
-1.926781515026239688e+01 -9.691980620444962113e-02
1.324182716977639895e-01 3.329044726480507865e-01
8.015538841696081551e-01 9.237131231194424252e-01
8.302230181537417764e-02 8.637810147213880185e-01
2.746735121606220797e-01 7.134585148360419460e-01
-1.923296425286083178e+01 -2.562180946463312736e-01
-4.315270845763905516e-01 5.130966723219885228e-01
4.978724280355999454e-01 3.182592045949856896e-01
7.810840186432543852e-02 -2.555217926734205669e-01
-6.688913144072325956e-01 -1.927874471482717311e+01
-2.303079512797985284e-01 8.815457205298897758e-01
-8.001187520407095910e-01 -6.911842872141604754e-01
2.168694028278754793e-01 -1.098287454334030411e-01
-9.354465535654530317e-01 2.581416929407849281e-01
